$ANSIBLE_VAULT;1.2;AES256;HK
65353236643061393035316539353730393734633066353262363266346630313831643863626231
6430666232646665343132316365326634346238323235620a303832303139313062306361386466
31393237373531333037386635393538633533326465353264643761346666316464363135303835
3330623737653031340a636363633135653732313736376632303661383066626231653663663431
64326665363833623035356138363537323139616333326438613133326531653839623731363935
66663962663231666362623533343132633063663866396438343662396639323931313533313430
34623837376263633837646636333364366138313330663761396132646237613661346137323838
38393965666161303937656466666335323136376562373664663230623131613331373963303936
30643637383263343036306633343363363963643964326466383731313163653133313835346464
66376562393061333136303965303830366637343666643162666239356239323139383333383037
64303539393865356538303733643331613166366361633661633665343937303435666663373661
33306331333432303634353132366662346662396238303566623133343066316135373832626535
34323939326539393034343466633434333764316233333833306437633061376138623266313661
61373030313632316136623864383463326632653761373936653064326363386239303136636530
62383831333066326433386636323031666566346536663633343331303561633265623566653836
31326630343838393436316336393061643930393430356438363939653138393336633830663339
37643435363465323536303365326462313135396235343764306265346264646637396365356663
36383665626333633435616230343663663938323838386538313231396361313231303562656335
61376132333832353761393066373838613735616630303863343438653535343538353239333335
34613731643638623066333565306136396566613434393166656637656431316538613165373534
31396664613538323965613833653662633236346635613534656332303838376232393737343338
62646639626434383439383066363238666634623866653637343964343565613964666461396437
64383933636434613037303266313738386530613330613065653465643232636133363965346533
38343434616536326662303237343064343765626163656366363435613162356234613033616531
39393061333437333061393264373261613333323561633833363135646330643236663334393839
33613837373634353763393939323431373830356235366338323737336532353561366264343033
39356633376236303132616165353465613431616332306362336635613365366234363266663762
35623965646466616538376635373235666535323261356164313636363131343931343735316466
37386230393333343062376636353139643530303963343032643161636262643737393339613835
31636363313963616366333938643836386565656337393233626234646130666635386332373661
30386662303635333634306239346633373863336464663966373063336334646633393863636661
33306339613566623432303336363861323830653334393664663864356165363137653530343237
37366236356562636564623638393463666162356432303630376365356163613139356535353137
34313865386239353265313262646430396635373535376335313134303133393566636563343331
35353266356363633065633238313031373163353464323733303066643966393334303763303839
38303333316663326635653034643563313134333863346364653332353136633132636138643665
30393263353239643234303566646231336166326165613638643361643133326535653332643333
62393564646530616164356665333036626365636131336130313838616135663437333636396135
34616338363236663933386265616665383963313666623835663531343061376463663333303731
38383663323232303837613462306536376463623238366539353132316462386366616362386631
64636635373535623538336366306236313639623437363638393564323964386362366430356465
37363366366430376563623939313861653739356463343335333139366662303433343138656635
65383766333231393736323562313962323866633431363830326235393132366233373963393737
34303135356234633432363063393438653062616563373237396137313235373937343062346536
38303138323135323230306239323831373332313965323462346164343231643265396331643265
38326432306637643134376561316665626666663862393761616130333332346535346261373861
39366433643337356131346237313763666563306562376563346337383136363133383738636330
61653364356264396433343634623739653330303832383533333237633966383166663166353134
61653430326134616661643662626638326536343966653966666263626464663739363530653630
33366431666630313062366436343761396265323865313735383564303762316539343630373938
39373339626539626362666331666332663264333564316665343434636264613366613733363934
30303465303961366531613535376534313530626535353165313238643835313731653761326138
39306133343631396537373035613038343536386165626364383666356531386266656338656461
65636561386231613533316534376662373966623135633866613163366465643563643161303833
36323335303831343731333832633662666331323066303936643835626334326536393565396134
65653966613966646432396239353563623932663163626333623564303538643139386162376339
39396361376132336339343331353466346262383366363666663662313630613762323763623435
39303533336331303030316138353032303031343362353433303030376634383966316430643932
30623330376133353765613762653361363138656538373064326532376133653836643433626262
64313735346634656463326435356630383664386465653766353739303732353335313136303233
31336465346237353265643566326637623436356533373734623430623663393034373865353334
32336531373135346335366463396233636266613561343838613237363035326239666261383935
66373539613135383032353638616564303538383032313732613362303737653737633237313930
65346232333734313837316564303666333263643137383334393835646334353232663033316334
61313932613939653963376662623065643264393266333565383130616639383232393734663931
65633564306431356235346165326231393961653130376263333662643939346638326163356264
63623530643231393833363430366662383266316535383137613139333164613339613166636136
39623464366435313332623462356336356135393639313039346165323138626366613739623234
36656461353439643632326161303964303064663238616235383666346664663538343031623962
39623939383962666531333038623738626565316631393063646232643938336662363731653435
63323661346466376636356562333436666161653162656337636237306134633636373564326239
66643763343562303236646461373037633762383361303965353439663039663336386437333239
36346133313933633531643461313462393833373665393730663963336437383464393939623937
34313530353763643032653839353531336363393630343533653166303938393431323538636464
63343431653464353962646361346564373437363261623232663564633038663537333766366631
64666466656537633666383161316432646132653238386665376166336462323839316236363234
37346332363261336466636539356664343361366631333436363734656564336537353662323137
62303163643437373835383865663533653335373538303233653835633138626631333333663665
31343761666135303437666362636532323434386435373939363661633931323333363538656430
39373238616339396637646563313461376239613164386264396439666561383432623266386636
31356566316433636331623135666264646338663563633231616666663138326537343934643132
31343933363366316339663264323363383665376530633166363561376663323139643430306464
32343730303736303432643435313739663862393739396630646139326561393535313339333233
31396166643861633237363839383766613662313232376366636437353739663964346162623165
65633666653165336139373631646264393034363639636566653234653735336333396563363863
34393763376130386663633138343431633136643031626139353666303534316531356262633935
64653836633334303630626164333936373932326636366662633839306235396237616466393262
64623562643732623232316531306665333439396636353132393635653931373066383636663665
32646338333730303036376363386232376132646561623061323465636138343037313139356337
36386232666231343939666231636361383435633332303731363435353533313734613264623766
65376334323464373138333438366566356634616338373566396662626335383331623734363634
61303566653431323265626430613766663532646565373066663566663039303837663163396138
32643666323764356435656263393262396334383663323630326261626164663038616338323438
38303835383937626365626535663935333866333237383636396533343339376331353635333566
39346565643332353462623231626136306165353336363662656537366233323630303437643262
35623063383835396332383762303966356539363732373032653239353864653031666632366431
30396438323466656534343061356338653632373131356337616466333534373163346539663861
34396563343431376536383132626138623063636634653337623062643538366635313261306238
30663238643765343739303534386433623961323630616139623532633338656136376563633030
63313938303362343162663331386637366439333432356661346330303565363935363165336666
38313037386565326431613237663931366133613963636538326333306433653138653563653334
32343361313662353935663266636239636538323134303265363562346630383761663762343337
35313935646333316338643030316263333264376361326436306639326530613535393739323437
38653734633439316533626634303536393534313632623832383931393964616431333466386565
61653636383630313232373133643837383335303835326439383239373064386334643731363233
63376334663466383433346136326235653232366262616536323131396134373833613036303033
39326330626462353165623634333762623137666534613862663863313333306665653463646236
65633237626530376331383435343739386434356436633536613538666566356632303237363363
62313064633662306537366430626337316365626663333037653461626666633537336466316230
36616462626661616236343435623764393764393538666461613461323061666234623562396163
30633831646539313066373735666432336163633839363837316163306466633965656430373261
33323663626431363566313036656330346466366430616533653035613835316162386632376131
30323033363562313065323034376431316231396538643530646466656132346636363363353735
61663937613030356439633462666565356435343331613030333563643265626237333331636136
36333931396135373036313033303034643035323834353262343061376166616366626133396632
65366235356263633664626533633136626239343131353962656661366662306135646234353038
37386335653135306637303965373631613130356562313131363665646632643333363164663039
64316431333762633134303738306564326436336563323065323832636663303866363666666330
31326262656438303133306562313564313965383961323939343361623837393935313132326632
35346230333934353165333336353232313866306230643566396231323638653162366432313063
35363632376265373238356163316536653934613562366365313230336437303037626237326633
37353137643434653539663364643562393936336366326435636534643533333338626335303733
32383534376565633739636339353932396236656163643966613838623763623633313735306230
37363866346432336539303134353362363662326536636662373635356237373936643232396433
31353066376333313734343763363938646430623732636265343662626361306436393764663938
37336166626664356566393266643534626337646637323230356635663765303335663635336165
36623562393934306264663431366564633334636165343164313965346333663932646337633365
63313134616365323666653432303262666138393034383336663031643733623266313663316539
64333364646165626231626131376366653131316330363133336566373263623736393330366432
62303535343338343335633734356366373334336131666331663462376636316466396534343465
38353266656638386566623961613462313436363633613833373839653366646236653133626434
32373934636634636239626439326530666637386362653931663335303764663338643666656538
35356432653330626362613636643930653437373735633766363037376538636436306438633730
63373634623635306534316637666330333736623162666431336331346462633331623036626665
39366232656237383832353131393962666261306530346336656165663737323837393436303635
32656132383130383266396232376665346538346662666433356233303937393863653935363131
38616236303263313766356131656363616261383162623830633866393039356365363637633036
65633164656433346438666438326133653936303061326266646431303136643431363931613766
32336361353538383566386439356332346231353239356230363739323365383736386633353530
66666636386133653165326234366237326531633534656464366238613031623134313934326534
35316639626338336566323164303336343561353536633830383664376464356630323735383964
38343762373863376234316164326361303833666333653037336533616261353563383764373461
63386663336336633239316137636130656638376562653038633034363163643665306464333036
65366233646164623165383330303430623730663236356237313131363962653938333435393830
63323263346361346434336362653164353763663430373264636662323037356261313233623462
62653231316333353037633561383738333530356264303131353933306565626566636634386634
63313466653563303562323331386438306165366432626464393763303038393833323063633662
34386430343466316563303230636537626330353730613162616261663266303139626131646333
34666239666236303733656166643237373261343466396266346563623031613934646165323034
62333133393238663734623463373239376166653564313533386133643639313561373564643835
36336538383735623932313632353963393238646439306432663232623834633332353334656532
31633136393431383631343865303430633132643733613165353235376365393764393564383563
35656166316237646164346630343332373564323936343435336630383265626133396132643965
37376462366536643333663166633138663531326663616639396366343761346561323039386163
62633266323536343034663135313862323434373036623764613932663838633938393631356336
34343666313233346461346134316434636163626166346661326661353134666332613061323536
62346564373264383931316139323339366139626461356634363865353730303536663536353935
34336339336634326637383236656664323239316361353761313930646566613664323164656534
30346231333266393932366263386539383039356330316536623961343166373638363334333131
61343763346431303736633863653834303266303139373336316432376464663134353134323035
31646462313466643239353162626661393935376530333633373634363830656236326235303432
38393464353635663835626434323462363633313262623433346334643434343234623966396438
65363061313634623264363630666436366537653134616139303739623161633033623633643539
34663434353035386137393835646561383463613664363730633065323165636436326239343538
34333635343338663761343638613162313061633330313266653832306361396664666230393633
34333861626266363765386430653962383539326265363039653039353038323662323262613737
63633463636337303136333763313639643238353732366561643639306564663234376132373235
36353931323332656133393762323236356537346563373237316463373265383661386436326234
62366335616630323935353634623863356532613031616266313039636161346236383565303561
63323963373532323239333639643236626165363662353864643362323061643765383731343265
31643763366634383162646633323939353333323262303036383262323638623732663936616532
37396234633134646430643164356666356332303936396335336537316535386231303865653861
36316133636562363862636563353434353966373966626235316531653035356136303264356561
30643030366364663136613731663536646337666366623263326537343964366338613863306363
39666161633864336564383935326334623862313038646435383562666137626439666163346530
34373834653537666132373662343833626437313062313464313265663338373833323663653565
35313036656336386636633630343531663461363163313466636439393431646337613461326330
38666635393735333166396339386435646436313135353235623834383832666164376166316462
35626539613533373539636164623364646334633362343765343835396565376530613537646361
39323765316336636138346631383734373334383834346137633732363562393366623832633639
61636333363264386231643836663633383436383631653939303938316164363766353434643566
36333963316430383062373261393234383636383437623830313832363639623337386230333762
36303430333961343864373666343861383666626530336435326163623365386361373438323337
39343333306630396430653139613533613465303565303636653765333439333836356461336664
63636132386362313961326664666437656565396261346239373262343938386538656239383732
32356437393738613331383030323137363234626634333466373864623430363030653961383232
66303738336332363631613166666533633865313833306232323930613665613634303330343738
66633437393938346338656233346665386131343434313430383065663839346265333236356134
65623030393332373231613065353938643264343262383863613132396334346434646465356131
31343135363234353034323463346662336633366465303830313062343336323963643764323666
63393532373661643936616462316530643064643435323961373231626666646165336139326434
63353965303434363037396636623735386539316366326238653166396332383365623231313064
65326431636461613734393239326162363436333462306563666561333730383839663862666631
37623833613332643534383039386339316238643662303236376666393435636334356136623961
626364353864316135373331343433653836
